74.5	76.5	73.66501936	75.93547772	65	69.5	64.28941239	67.91149842
65	67.5	68.89940053	71.44498091	57	59.5	60.35336247	63.04420426
71	71.5	71.89178703	73.43298311	64.5	66	64.34258122	66.58093156
71	72	71.91105831	73.7212012	63.5	68.5	63.72587658	67.72056733
69.5	76.5	71.14534442	75.8416203	61	66.5	62.7115274	67.13136295
68	69	69.98837855	71.75742345	61	63	62.31309751	64.69519388
78.5	87	75.60175535	81.20078758	71.5	79	67.6967558	72.67720706
82.5	86.5	77.59538599	80.81036741	71.5	78	67.92389987	72.77436766
62	63	67.2861538	69.11053235	52	55	57.81164397	60.60137992
75	75.5	73.83114608	75.31362181	63.5	65	63.86385056	66.20375602
82.5	84.5	77.66309448	79.96452502	72.5	77	68.27306623	71.83319585
70	83	71.07295363	78.84749821	62	68	62.75648893	67.15482274
74.5	75	72.90369647	74.38674169	66.5	67	65.10748701	66.74133952
76.5	77.5	74.18391883	75.89289599	69	73	66.7960532	70.48599895
76.5	77	74.58614163	76.16726379	69.5	71.5	66.75056994	69.22482786
74.5	78.5	73.21385401	76.38827099	67	72	65.63685665	69.74290817
68	71	70.32547069	73.10174482	58.5	61.5	61.13784839	64.12639263
70.5	71	70.985787	72.42918868	60.5	63.5	62.36936959	65.4875563
72	74	72.2069055	74.48772674	62	68.5	63.26218452	68.1736457
70.5	73	71.66395337	74.24022412	62.5	65	63.38246166	66.23301376
64	64	68.37907527	69.74176942	56	56	60.11973686	61.72583364
71.5	78.5	72.17603817	76.93703769	66	71	65.10721389	69.17931893
65.5	66	69.08939904	70.68433886	56	57.5	59.75569807	61.72801239
64.5	66.5	68.15890346	70.35866124	57.5	60.5	60.98961092	64.00475553
66	66	69.0584598	70.30239371	56	58	59.92846225	62.4217537
67	68	69.69552775	71.45424536	58	59	60.99094594	62.98549085
74	77.5	73.34996978	76.33993234	69	73.5	66.40226051	70.20053026
64	65.5	68.06416303	70.08595168	56.5	60	60.05107294	63.21541398
60	61	66.00557928	67.75016283	54	55	58.99018361	61.03028468
64.5	66.5	68.24167137	70.51320754	57	61	60.48630125	64.05485857
72	73	72.16930006	73.90052657	64	65	63.76654792	65.51448454
72	74.5	72.21776735	74.68131477	64	64.5	64.17377478	66.07990753
66	67	69.22736101	71.00019021	56.5	62	60.14879073	64.36945677
70	72	71.24990177	73.43376722	61	66	62.72830826	66.79393401
67	67.5	69.86536488	71.36791005	58	59.5	60.76062359	62.84677631
65	66	68.83216726	70.53072749	56	62.5	59.88524315	64.66219942
65.5	67.5	69.1099671	71.46205251	57	60.5	60.57728461	63.93306418
63	63.5	67.56703859	68.99530054	53	54	58.4278553	60.48866901
68.5	71	70.38122534	72.84552758	63	64	63.61751189	65.50209039
76.5	78	74.64288471	76.7066975	68.5	73	66.26289727	70.1034053
77	81	74.73475625	77.92010734	69	72.5	66.28865054	69.4067323
72.5	77	72.2995865	75.76187994	62	66.5	62.84944049	66.53926272
63	62.5	67.2983131	68.23963634	53	52	58.19484985	58.96262494
66	67	69.33589313	71.18546373	57.5	59	60.96832678	63.40487615
68	68.5	70.37636166	71.967047	62	62.5	63.21684196	65.00777714
64.5	64.5	68.57354503	69.92416268	55	57	59.40459422	61.86060349
68	70	70.09510938	72.31198663	59	62.5	61.61057122	64.85263695
68	71.5	69.62036455	72.63610536	63.5	70	64.04275348	68.96381053
72.5	74.5	72.60289476	74.90637144	62.5	64.5	63.11575773	65.54380266
68.5	71	70.43829692	73.01824306	62.5	64.5	63.35332187	65.65395049
66.5	68	68.60632696	70.56966024	61	62.5	62.42146771	64.67974845
70	71	71.37326549	73.26360583	63.5	67	63.68698752	66.84510144
64.5	64	68.5759881	69.59486191	56	57	59.85744557	61.94075664
63	63.5	67.8321256	69.39840148	55.5	59.5	59.7625008	63.31338153
64.5	64.5	68.4736377	69.7536487	55.5	55.5	59.65425389	61.04460645
69.5	73	70.9145556	73.89725482	62	64.5	62.98552294	65.76574024
63	65.5	67.87379456	70.45585645	54	57.5	58.8753739	62.02483442
60.5	61	66.3034303	67.81165835	53.5	55.5	58.78826868	61.3409889
75.5	78.5	73.59258234	76.37372363	66	71.5	65.05740125	69.34216109
67.5	69.5	70.05695512	72.32492353	61	62.5	62.41574883	64.77392079
65	69.5	68.94734792	72.45640436	55	56.5	59.89646209	62.35082538
68.5	70	70.5058265	72.49601605	58.5	61.5	61.3023154	64.37036971
69	70	70.22886129	71.99431235	61.5	61.5	62.90336673	64.3070462
75	76	73.81419982	75.63365042	67	68	65.54914265	67.53830046
68.5	68.5	70.65547858	71.90741541	57	59	60.50297619	63.00361166
68.5	71	70.53037958	72.97373426	62	64.5	63.08134273	65.84168742
70	73	71.06645809	73.7932472	61	64	62.22312743	65.0646302
84.5	92	78.62043644	83.67968022	76.5	80	69.97874432	72.77879586
64	64	68.35622596	69.54008143	56.5	57.5	60.2927577	62.35393487
68	71	70.19486936	72.9832974	56.5	61	60.10015387	63.67692877
67.5	68	70.10587029	71.61934632	57	61	60.60144605	64.06981804
73.5	74	73.05806812	74.58502206	68	67.5	66.05310552	67.28050753
74	76	73.31269058	75.51787025	65	65.5	64.51987607	66.24167628
77	78.5	74.75677021	76.74282594	70.5	72.5	67.15710763	69.66080048
69	74.5	70.39172456	74.39707375	62.5	67.5	63.03668765	66.89581579
72	76	72.31268328	75.59325373	65	67	64.60185953	67.12700049
78	83.5	75.24229826	79.25924926	70	79	67.09467672	73.24990865
78.5	82.5	75.27659609	78.55350004	71.5	84	68.04578294	75.96264751
75.5	77	73.58401517	75.5991192	65	69	64.39953098	67.82412626
72	78	72.16378254	76.44839198	64	69	63.67573466	67.49777883
71.5	74.5	71.72350593	74.41698924	62.5	67	63.32642379	67.12236913
71.5	77	72.17910136	76.15907129	61.5	62.5	62.80359994	64.79181243
76.5	77.5	74.40414328	76.16693708	64	68	64.05939501	67.61158522
77	77	74.78992014	76.04586627	64.5	67.5	64.07315003	66.99721713
75	78.5	73.84383103	76.89247487	65.5	71	64.77540769	69.01126416
74.5	77.5	73.42159782	76.13187151	64.5	72	64.16253042	69.36397128
73.5	76.5	73.04097587	75.7589892	61.5	64	62.5618428	65.08303407
75	78	73.82059351	76.64504677	67.5	71	65.78079902	69.08409931
75	76.5	73.78924124	75.82993475	66	68.5	65.10259016	67.93541818
77.5	80	75.09251457	77.60551187	68.5	70.5	66.35006635	68.90451868
80	82	76.44835119	78.72408825	72	74.5	68.12758322	70.91084174
72	76	71.8970144	75.14585475	65	65.5	64.49066157	66.24911517
71.5	76	72.02477728	75.51764515	63	70	63.1859273	67.86490979
76.5	79.5	74.35072616	77.06679378	70	72.5	66.75479393	69.42355181
76.5	76.5	74.58134096	75.93760845	66.5	71	65.28338864	69.09922637
72	76	72.37892466	75.73075746	63.5	68.5	63.74878105	67.69732452
76	81.5	74.21941431	78.18680089	72.5	75.5	68.45560621	71.51443822
77	82	74.81905038	78.62218262	67	79	65.51455384	73.05689676
75.5	76.5	73.60662877	75.3175067	65.5	71	64.9225709	69.37788342
71.5	75.5	72.02669715	75.29670287	63	64	63.2141874	64.89646194
72	75.5	72.1715207	75.16365364	62.5	64.5	63.13473975	65.56875641
75	76.5	73.66387622	75.64572222	67.5	69	65.4493056	67.50778447
75	76	73.58844345	75.32409818	67	68.5	65.40883301	67.67160656
68.5	70	70.26375319	72.25272599	57.5	58.5	60.60150165	62.53904762
76	75.5	74.32558024	75.36494338	68	70	65.66904121	67.8437007
69.5	73.5	70.32933995	73.54396638	61.5	65	62.91599705	66.25844732
71	73	71.66135744	73.88027613	64	68.5	64.00447183	67.75620643
78	84.5	75.36057309	79.95375498	67.5	78.5	65.71416759	72.68018436
73.5	76.5	73.02428663	75.8285007	65.5	68	64.86114279	67.52832828
74.5	78	73.56364057	76.64843012	66.5	68.5	65.14586499	67.5576092
73.44067797	76.93258427	72.87725636	75.88753567	64.5	68	64.25908434	67.59294745
72.5	80	72.61441233	77.71938413	66	72	65.02980048	69.56068846
72	74.5	71.83200053	74.34551683	64.5	67.5	64.29938448	67.41600114
77	78	74.84858811	76.65380835	68.5	75.5	66.33015054	71.41804665
72	77	72.36607396	76.16687602	64	69	63.95378859	68.01975859
69.5	70	70.77439832	72.26189604	62	65	63.021384	66.06821996
64.5	64.5	68.66101343	69.94347845	56.5	57	60.21651642	61.8514258
57.5	60.5	64.54318181	67.26165966	52.5	55.5	58.15572308	61.12147739
61	62.5	66.20337415	68.21989466	53	54.5	58.1912157	60.21888951
67.5	72	69.99155179	73.52928039	58.5	61.5	61.34482854	64.42989309
76.5	77	74.28274907	75.73054042	62.5	64	63.13408917	65.35615899
65.5	64	68.95319332	69.43224698	54.5	56	59.22278451	61.50637871
66.5	68	69.12381715	71.10483971	58	61.5	60.73450198	63.78592513
72	76	72.36223961	75.65853668	62	66	62.79956309	66.30616873
70	73	71.39483137	74.24618152	60.5	62	62.17039381	64.34398149
67	68	69.26991904	70.98958835	61	63	62.27531851	64.571866
70	72	71.1922133	73.15570752	62.5	67	63.19186647	66.94254802
74.5	78	73.59852538	76.64822121	65.5	71	64.66483822	68.93989988
79.5	82	76.08530243	78.65661898	70	76	66.99125513	71.41267594
76.5	79.5	74.5817199	77.36702846	69.5	75	66.67109031	70.89897546
79	80.5	75.75837198	77.72032415	74.5	84.5	69.55769384	76.25406641
69	72	70.71164635	73.43113285	61	65.5	62.50039906	66.31757683
78	83	75.24394052	79.06139511	67	72	65.19463537	68.82682052
85	82	78.48721283	78.17904979	78.5	77.5	71.21600699	72.2022775
75.5	77	73.5472628	75.48192743	67	70	65.35854374	68.33381246
58	61	64.94709118	67.66473867	54.5	56	59.36187896	61.66587603
63.5	65	68.12962456	70.18817827	54.5	58.5	59.23486017	62.74485625
59.5	59.5	65.62744425	66.89702482	52.5	52.5	58.66637947	60.38400284
61	61.5	66.41243526	67.90246657	52	51	58.1035141	59.13022808
63	65	67.86448402	70.1477035	55.5	57.5	59.58641657	61.92114868
80.5	88.5	76.60573047	81.9425709	82	89.5	73.1183385	78.35445461
84	84.5	78.19084703	79.60968353	77.5	85.5	70.69195892	76.29079799
91	94	81.79794339	84.56709768	88.5	99.5	76.25067831	83.25858827
81	83	76.80740024	79.14257025	76.5	80.5	70.37975495	73.9191585
76	76.5	74.24908332	75.71848516	70.5	72	67.12302686	69.1997626
86	88.5	78.63466213	81.14596319	82	85	72.95504161	75.92777177
82	86.5	77.28305613	80.74813077	79	81.5	71.57805124	74.35635134
92	93.5	82.32198319	84.37736766	88	101	76.04437499	83.98282593
88	90.5	80.32863343	82.90149618	80.5	83.5	72.21748793	75.15977817
63	65.5	67.70394175	70.15010325	52.5	56	58.0306283	61.10785959
63.5	66	67.37468519	69.84074592	56.5	59.5	60.14423373	63.16510992
65.5	65.5	69.12804466	70.48856096	56.5	57	60.15184164	61.87874693
65	66	68.51281809	70.21544364	54.5	55.5	59.29750235	61.27480688
61	62	66.60036738	68.3677426	52.5	54.5	57.99800944	60.39508207
61.5	63	66.59639324	68.58311196	52	55	57.85714896	60.73564795
72.5	79.5	72.59461197	77.3103851	64	71.5	64.06684831	69.34506058
74.5	78.5	73.62287567	76.94007966	66.5	71.5	65.49896162	69.63378117
75.5	77.5	74.02056248	76.30406901	66.5	69.5	65.29567807	68.35480511
71.5	76	71.53308813	75.04021239	61.5	64	62.68676107	65.35094674
67.5	68	69.9588763	71.53462872	58	61.5	61.08806999	64.41835085
67	67.5	69.85084541	71.48055384	58	59.5	61.15325607	63.52864814
70	71	71.37710168	73.15030627	58.5	59.5	61.15825265	63.11846201
71	72.5	71.82776702	73.83239124	63	67	63.30918676	66.60586954
55	59	63.24333676	66.4273227	49.5	51.5	56.95354873	59.48666042
76.5	79	74.59289724	77.1534382	69	70	66.48187583	68.39896958
74.5	79	73.05582753	76.53270752	62.5	67.5	63.20471831	67.06111161
73.5	75	72.24755376	74.19166746	64.5	66	64.24391891	66.49510288
72.5	76.5	72.54848113	75.78757119	66.5	66.5	65.16477234	66.69318008
77.5	78	75.04148183	76.5656384	69	72	66.5629994	69.57515277
75.5	76.5	74.01027192	75.80348932	65	67	64.44630856	66.97918019
63	63	67.38525909	68.61671487	53.5	53.5	58.79239539	60.32210576
67.5	69.5	69.93769856	72.1350542	61.5	62	62.68338443	64.17565183
66.5	66.5	69.4124534	70.70448535	57.5	58	60.74298751	62.51628295
75	78	73.2424666	76.04340174	67.5	69.5	65.88952898	68.44217372
72	74.5	72.25332902	74.7776302	64	65	64.02843193	65.86288385
70.5	73.5	70.77813082	73.5019476	61.5	65	62.90596168	66.31471346
74.5	75	73.42038893	74.91042884	63.5	64.5	64.04829031	66.1633608
66	70	69.22492523	72.53364772	56	61	59.85265198	63.85015362
73	76.5	72.58996692	75.59443966	67	70.5	65.53216449	68.82888326
74	78	73.20729721	76.47475516	64.5	70.5	64.14464648	68.61177788
76.5	79.5	73.95166101	76.65928931	68.5	70.5	66.34624741	68.84769586
71	74	71.72370319	74.49737019	61.5	63	62.68291728	64.95484752
77	76.5	74.49337819	75.4795831	67.5	68.5	65.89364525	67.91268003
72	73	71.79919854	73.5218038	62.5	63.5	63.11591187	65.03268925
76	77.5	74.34123975	76.40854392	67.5	68	65.60450068	67.34591736
71	73	71.53817682	73.8020883	65	67	64.51066608	67.08343024
64.5	66.5	68.60939022	70.97003449	56	60	59.84247232	63.21726607
67.5	74	70.14956584	74.6653141	58.5	62.5	61.23518719	64.68806986
76.5	78	74.51861029	76.55723756	67	69.5	65.32732799	68.0108023
74	77	73.26547304	75.97776294	64.5	66	64.35311414	66.582158
73	76	72.81076019	75.62656625	66	70.5	65.11855933	68.94488836
73.5	77	73.09266882	76.09755495	65	65.5	64.29233568	65.72546003
71.5	72	71.50737923	72.96283547	64.5	65.5	64.2910112	66.33572222
77	77	74.62953834	75.88457939	64	66	63.71260593	65.77943863
71.5	72.5	72.07756288	73.78467435	63.5	64	63.83805804	65.48869621
73.5	79	72.86933144	76.88135014	62	64	62.87626849	65.13446064
68	68	70.31110685	71.54512309	57.5	61	60.7294038	63.99861007
63	64.5	67.50816967	69.45077488	56.5	58	60.31898804	62.55477619
66.5	69.5	69.13110145	71.85727414	59.5	60	61.60685206	63.14303006
78.5	79	75.56955914	77.13207498	NA	NA	NA	NA
76.5	79	74.11124634	76.58139808	71	74	67.59664636	70.51204918
87.5	93.5	79.8515118	84.15011032	82	92	72.88140824	79.30991435
59.5	61	65.9898876	68.02462318	50.5	51.5	57.22112376	59.16692869
70.5	72	71.63954249	73.7121141	63	63	63.49602297	65.01784558
73	73	72.67225338	73.91150259	63	66	63.35344675	66.40226178
77.5	80	75.06585747	77.54663428	66	70.5	65.02548463	68.78941617
70	71.5	71.07851484	73.0320182	61.5	63	62.51331145	64.61212025
61	63	66.89973818	69.14551823	53	55	58.37946585	60.60588178
57	57.5	64.82608218	66.42134851	48.5	49	56.23488756	57.8087224
78	84.5	74.64242513	79.12450139	72	82	68.18475592	74.82170238
78.5	84	75.69659148	79.67036029	75	81	69.61709057	74.22873119
70	74.5	71.37657737	74.96741109	61.5	64	62.63340923	65.32834223
72	79	72.28962512	77.07779151	64.5	71	64.14822067	68.82900842
74	75	73.26989446	74.94372351	63.5	65.5	63.50054803	65.97320819
76.5	83.5	74.55137046	79.34557499	65.5	71	64.55270405	68.60302285
75.5	77.5	73.60565286	75.83173633	67	67.5	65.4809917	67.28580851
76	77.5	73.77425193	75.74083787	68.5	74	66.33312991	70.62472454
77	87.5	74.68091415	81.22595255	70.5	84.5	67.27035668	75.82390833
75	76.5	73.89547399	75.88545944	64.5	68	64.18279515	67.41574744
71.5	77.5	72.13954955	76.51658368	63	71.5	63.37284797	69.06308858
87.5	91	79.95962136	82.9459381	79	89.5	71.28352446	77.87450105
75	77.5	73.82909743	76.36792956	64.5	67	64.01367459	66.439696
72	78	71.78762447	76.01625707	63	68	63.64159553	67.61057646
74	77	73.09488637	75.89333564	66	72	65.10276706	69.53181988
73.5	79	73.10943139	77.21049498	66	72	64.81520809	69.27572599
73	75.5	72.40301409	74.90640148	59.5	60	61.75498654	63.40561974
77.5	81	75.08095818	78.08556374	68.5	70	66.04839395	68.00244719
81	83	76.58746555	78.79944259	73	78.5	68.43576187	72.60582639
82	88.5	77.13062778	81.64141415	81	89.5	72.82283663	78.71808309
75.5	79	73.5838872	76.5444263	67.5	70.5	65.65116259	68.56341527
74	75.5	73.24030025	75.29396369	63.5	67	63.64592678	66.88136041
78.5	76.5	75.20023331	75.46823515	68.5	69.5	66.15946889	67.94346449
74	81	73.39348202	78.19225875	65.5	73.5	64.89314534	70.45185315
67	69	68.92241949	71.16688802	60	61.5	62.11060678	64.466292
62.5	64	66.92579169	68.92646227	52	55	57.76657936	60.44265082
66.5	74.5	69.58384613	74.8521253	60.5	63.5	62.24150645	65.22491426
66	67	68.8670757	70.63918763	56	59	60.00799885	63.05976613
68	71	70.35977083	73.11181141	59.5	63	61.76181143	65.07254871
70	74	71.3873409	74.69184809	62	66	62.76709144	66.11213928
69.5	72	71.00280784	73.58198148	60	61.5	62.2681986	64.67061221
73.5	75	72.91023779	74.8993421	63	68	63.71028249	67.87508949
72	75.5	72.37935593	75.47676123	63	66	63.64725571	66.68109368
75	75.5	73.60345225	75.07826923	66	69	65.27273226	68.4380478
77	78.5	74.74459218	76.75484508	70	72	66.8369911	69.3358165
72	73.5	72.11584254	74.10383791	62.5	62.5	63.18534506	64.51854467
72	77.5	72.10124903	76.08811816	65	72	64.53774805	69.58680131
77	81	74.82606844	78.16327252	66.5	71.5	65.35361677	69.42211641
75.5	78	74.13007006	76.59958416	65.5	69.5	64.6193708	68.11459691
69.5	76	71.18373358	75.6236218	60.5	62	62.00390041	64.10885516
71	75.5	71.4669624	74.93451238	63.5	66.5	63.65988554	66.65241415
76	84	74.35887269	79.72464084	67	72	65.2132539	69.13916263
82	87.5	77.3159121	81.24850568	76.5	90.5	70.24897065	78.70147597
77	79	74.84775852	77.04298454	70	74	67.07680067	70.61156428
73	75	72.59139389	74.81871117	67	71.5	65.68662224	69.4384273
76.5	79	74.58964724	77.12090868	71	76.5	67.62559636	71.91937708
72.5	77.5	72.58089232	76.28809051	63	67	63.7355462	67.35363468
75	83.5	73.50261371	78.98917494	67	73.5	65.65165148	70.29553869
77	80	74.33497449	77.08102601	68	75	65.89903977	70.88031857
75.5	78.5	74.03579506	76.71256855	67	71	65.64535616	69.27569048
73	75.5	72.59478546	75.10304975	66	67.5	65.09309169	67.43190468
77	82.5	74.60078743	78.59790136	69	79	66.46409977	72.99778542
71	76.5	71.00296618	74.99919216	66	72.5	64.92518844	69.68464002
79	82	75.74004475	78.48351929	76	83.5	69.78861502	74.771773
81	82	76.87875687	78.67018253	78	83	70.96210294	75.00697022
83.5	85	77.85392557	79.82048315	75.5	80.5	69.80447402	73.70719237
74	77.5	72.99044626	75.98207684	69	72	66.49734776	69.40246562
76	81	74.26896626	77.96275018	69	76.5	66.34319426	71.51478178
77	79.5	74.87083316	77.48444646	65	69	64.22882382	67.56338456
79.5	80	75.80995834	77.24718089	76.5	79	70.14298452	72.65402616
81	82	76.81705241	78.62512428	75	76	69.50048081	71.52688916
71.5	74	72.1428536	74.70188964	63	65	63.38417271	65.70511358
82	89.5	77.21533449	82.26639142	77	89.5	70.5163825	78.25149798
78.5	81.5	74.91263435	77.64706969	71	74	67.62094865	70.75291255
79.5	89.5	75.46267092	81.74178923	77	81	70.58990835	73.17541582
66	67.5	69.13412423	71.12521322	56.5	60	60.51461963	63.92805844
65	67.5	68.71136866	71.13419561	58.5	61	61.18220701	63.81241755
69.5	70	70.49024018	71.96531136	58.5	61	61.12084354	63.72881703
68	69.5	70.14626473	72.1131585	60	60	61.92138694	63.30550039
76	76.5	74.21676475	75.69268205	71	76	67.57339187	71.6878835
68.5	68.5	70.56292787	71.90560234	57.5	58	60.65112932	62.35665261
77.5	84.5	74.62488946	79.33310726	71	84	67.52488637	75.56164739
74	81	73.38095162	78.16908402	66	69	64.91658513	67.86096181
72	73.5	72.37374056	74.4426684	65	66.5	64.47048178	66.70485097
76	78.5	74.16751142	76.67893609	70.5	72	67.13810843	69.42971423
67.5	67.5	69.98742189	71.24070496	62	63	62.73366207	64.55273675
74	75	73.15792604	74.89824833	64	64	64.01639136	65.46985573
72	73.5	71.53903516	73.52710632	65	68.5	64.59718716	67.93866961
70.5	73	71.51569595	74.0223167	60.5	62	62.32798255	64.43111479
66	67	69.37476541	71.19502083	57.5	58.5	60.61320484	62.45326331
67	70	69.89872105	72.75457099	59	61	61.44178819	63.76141826
80	82	76.38854386	78.74336666	75.5	77.5	69.80743111	72.32355589
79	79	75.67110734	76.91361363	69.5	72	67.03039057	69.95125383
83	85.5	77.74757176	80.25343511	76	77.5	70.03542199	72.30408607
63	65.5	67.38280778	69.90194011	55.5	59	59.94549396	63.277032
65	67	68.56876856	70.83754184	56	58.5	60.06882207	62.80746587
70	70.5	70.72016345	72.26845176	61.5	64.5	62.92708081	66.00526555
66.5	69	69.61260588	72.18818906	56	58.5	59.83435213	62.49548815
69	69.5	70.88285188	72.50171485	60.5	60	62.49156153	63.89293345
69.5	70	70.97961667	72.5189847	59	61.5	61.50956264	64.38483422
68	68.5	70.1960784	71.70945353	60	59	62.17469304	63.2794348
70	72.5	71.38501523	73.86453507	60	60	61.89024379	63.36949592
67	68.5	69.57348213	71.53311373	57.5	63	60.63917669	64.72479282
66.5	66.5	69.3666337	70.64566099	61	61	62.63292414	64.17767888
71.5	77	71.82285419	75.79318551	63	68	63.43129944	67.32461034
73	74	72.44893207	74.21495425	66.5	68	65.24220963	67.53880836
77.5	78.5	75.11677392	76.9294191	70.5	70.5	67.36203978	68.92211182
68.5	71	70.5195083	73.10658496	66	66	65.60833722	67.25522903
77	78.5	74.92027288	76.91948569	66	68	64.9819175	67.3786975
75	78.5	73.87015367	76.81594107	64.5	65.5	64.33334284	66.27635527
77	77.5	74.59135117	76.13085614	68.5	72	66.28160974	69.58809664
71	71.5	71.3673584	72.85033112	64	66.5	64.03052729	66.85244777
77	77	74.87495116	76.19575615	68.5	71	66.13768816	68.78359497
73	76	72.7754845	75.57217014	66.5	68	65.23631845	67.57472255
75.5	75.5	74.0494096	75.24080761	69	70	66.22099612	67.9083653
72	71.5	72.01003369	72.9948208	64	65	64.14362933	66.18515064
73	76.5	72.85958741	75.91751648	63.5	65	63.82640053	66.01721317
73	74.5	72.62849075	74.59161545	67	70.5	65.53871439	68.90356581
72	74	72.16687374	74.39198774	62.5	65	63.33101736	66.13963125
71	73	71.69977038	73.96821275	62	68	63.09862274	67.67327029
70	73	71.38288208	74.16129864	59	63	61.41741668	64.83190459
70	73.5	71.33984238	74.39182988	63.5	65	63.70476108	65.80912598
71.5	73	72.09281232	74.08894242	62	63	62.98042193	64.97963406
71.5	73	71.6803694	73.71588901	63	64	63.72355732	65.76864305
74.5	77.5	73.60816872	76.43495581	67.5	70	65.8480332	68.74213167
77.5	78.5	75.0011092	76.76327048	71	73.5	67.57588824	70.35911726
76	76	74.02803386	75.29512506	68.5	70	65.9948131	68.05105828
74.5	75	73.22130114	74.66846395	67.5	70.5	65.93134724	69.07722416
74	78	73.29011133	76.63112613	66	70	64.84726216	68.12565468
76	78	74.23593664	76.51309845	67	70	65.57310403	68.61890567
74	76	73.36017409	75.67830666	63	67	63.35527963	66.80357689
75	77	73.78324338	75.97776484	67	67.5	65.27001551	66.95718014
71.5	72	71.38677168	72.89572805	64.5	65.5	63.99176372	65.87224564
76.5	77.5	74.39495319	76.13901756	66	66	64.82973306	66.31970575
72	73	72.38648795	74.1843983	59	59.5	61.39703251	63.06366189
68.5	68	69.83150793	70.78699486	59	60	61.47167644	63.45839013
68	70	70.39015343	72.71858881	60.5	63.5	62.35271211	65.41199305
73.5	75	72.7897975	74.78953075	62	63.5	62.95668339	65.14147395
66	68	69.30039492	71.5975464	59	61.5	61.47795642	64.01881998
71	71.5	71.5558826	73.02965911	63	64.5	63.51656827	65.91909006
76.5	77.5	74.65556554	76.45803869	67	68.5	65.46653617	67.65973758
79	86	75.82645336	80.56911484	72	81	68.06826827	74.1459285
70.5	71	71.41091713	72.89750433	63.5	65.5	63.8366695	66.40320041
74.5	75.5	73.30170411	75.08226181	66	70	65.2379691	68.87649857
67.5	68	70.1473104	71.75804984	60	61.5	62.21345115	64.42009973
70	71	71.14432269	72.88582761	63	64.5	63.61538215	65.75266873
70	70	70.96790757	72.17629717	62	62.5	63.04272711	64.86600187
71	71	71.4968242	72.70239707	66.5	68	65.28040699	67.5785012
68	67.5	70.40473193	71.53426134	57.5	58	60.63663048	62.42672259
69.5	73	71.16356457	74.20020019	58	63	61.25597123	65.44776272
68.5	72.5	70.55792742	73.79541497	60.5	63	62.04555208	64.71083458
72.5	74.5	71.76705351	74.01006142	63.5	67.5	63.87871859	67.49379972
77	77.5	74.86865193	76.30034368	66	70	64.98916951	68.52149353
66	68	69.1457957	71.37222825	57	60.5	60.51533037	63.87639202
70.5	70	70.85155199	71.83208985	61.5	62.5	62.7129176	64.52250725
69	70	70.60077207	72.32107388	60.5	61.5	62.17797123	64.1476582
72.5	76.5	72.57620514	75.88456724	64.5	66.5	63.90421319	66.15026914
65.5	67	68.68836214	70.6695612	59.5	63	61.87541865	65.14546637
68.5	72	70.61466694	73.68887289	58.5	63	61.15528709	64.98600944
70	72	70.87803782	73.12057117	63.5	66	63.84281973	66.49144768
71.5	73	72.13597396	74.20818247	66	71	64.85337047	68.82554631
90	89	81.38614402	82.22015674	84	84	73.87229328	75.32537043
77	77	74.77216885	76.01788417	70	70.5	67.08286509	68.76512662
72	74	72.15271045	74.35377412	63.5	65.5	63.51857428	65.60395902
76	76.5	74.35772035	75.87772954	70	71.5	66.98662996	69.33798436
62.5	62.5	66.92153421	68.2013461	56	58	59.76883457	62.22616383
76.5	79.5	74.66986205	77.44741651	65	66.5	64.1942442	66.28736387
87	94	79.86072302	84.60219334	77	82	70.6363178	74.72713949
80	79.5	75.71252506	76.68609486	72.5	82	68.25095582	74.49595791
73	78	72.69603917	76.50147027	64.5	70	64.29052677	68.56990686
74	76.5	73.305528	75.7625825	66	73.5	65.14012531	70.46695947
86	88.5	79.33584831	81.94580405	78.5	85	71.23281402	75.78330926
77.5	83	75.11547659	79.0945088	70	83	67.16584667	75.16498141
82	90	77.38071027	82.744416	75	96	69.51009639	81.44585396
81	84.5	76.37278478	79.34067249	75.5	80	69.7394248	73.48908772
79	78.5	75.78023787	76.78181042	70	72	66.9846434	69.33799695
78.5	80	75.0046419	76.97252267	69.5	77.5	66.68304009	72.28656412
78	80	75.22842367	77.50913421	68.5	70.5	66.30306219	68.77583411
67	71.5	69.33099127	72.84830077	61	69.5	62.35891266	68.00542111
74.5	76.5	73.65808668	75.86649975	63.5	68	63.76561448	67.5761458
80.5	85	76.59395451	80.17573061	75	77	69.37256146	71.80102371
84.5	87.5	78.29387933	81.04609903	78	86.5	71.16613476	77.00537195
67.5	66.5	70.08272598	70.86582274	58	58.5	60.7756072	62.19408741
71	74	71.93059809	74.68371158	64.5	69.5	64.04965261	67.99581632
66.5	74.5	69.49796319	74.70222326	57.5	61	60.76696794	64.0571621
77.5	77.5	75.13912356	76.41614239	66	68.5	64.93293839	67.61090228
63	62.5	67.68236599	68.67245132	55.5	56	59.81055663	61.63984298
65.5	63.5	68.83410477	69.05113844	56	57	59.90275176	61.85873836
68	70.5	70.23792927	72.71267476	61	65	62.38790108	65.83483511
66.5	72.5	69.40901563	73.66201508	59	61.5	61.27053565	63.81006112
75.5	76.5	73.97168141	75.74659743	65	67	64.50837421	67.04608056
69.5	70.5	71.07315282	72.847277	66	67	64.8574523	66.72023958
72.5	74	72.45435036	74.51601315	64	68.5	63.73950092	67.19507191
73.5	79.5	73.07833196	77.3696636	65.5	70	64.98013418	68.79653599
70	77	71.03271592	75.80551942	61	63.5	62.21308875	64.89886694
71.5	71	71.96090759	73.02214522	61.5	61.5	62.93871846	64.59624616
65.5	68	69.00580108	71.45139627	56	60	59.97053869	63.50311277
76.5	79	74.57617711	77.14023802	66	69	65.03581742	68.09021163
71	75.5	71.76206281	75.28507673	62.5	65.5	63.39119052	66.49940221
67.5	72.5	70.05468027	73.82711108	60.5	67.5	62.42836153	67.41274312
62	63.5	67.13899568	69.07657677	51	55	57.44917453	60.86793429
69	72	70.39784049	73.12259764	59	64.5	61.375154	65.61260117
76	77	74.24160896	75.97158552	68.5	70	66.20501788	68.47544651
78	83	75.37516028	79.20909597	69.5	77.5	66.76212585	72.15329629
76.5	77	74.5574637	76.11019809	64.5	69.5	64.14525183	68.12699978
73	75.5	72.73341746	75.28586562	65	68	64.60085757	67.5918277
76.5	77.5	74.64134022	76.34623188	68	71	65.95248638	69.00403213
77	77.5	74.49337832	75.96869641	67	70	65.55013117	68.52562592
76.5	78	74.68409878	76.66313555	64.5	69	64.07993917	67.81410296
76.5	77.5	74.45276629	76.1909407	71	72.5	67.77498185	70.13757478
76	76	74.22601152	75.49102917	66	68	64.82148845	67.18728467
68.5	72.5	70.59958653	73.80057499	63	69	63.54472275	68.17649687
73	77.5	72.86966283	76.46284365	65	68	64.56828957	67.60653277
71.5	79	71.67891671	76.68642406	63	71	63.38603711	68.81584054
74	78	73.34615598	76.66468518	66	69	64.7729551	67.45256018
76	77.5	74.22399131	76.23172641	68	69.5	65.78420435	68.00149763
78	77.5	75.38549943	76.39510102	69	69.5	66.32425133	67.97974578
74.5	76.5	73.60124595	75.89164492	64	65	63.79370662	65.59005558
80	83.5	76.36216967	79.34348921	70.5	70.5	67.13282983	68.53945688
71.5	76.5	72.00446433	75.7410942	63.5	69.5	64.06245032	68.71166039
75	78	73.22597993	75.95053128	65	66.5	64.63207624	66.97659387
77.5	82.5	74.73927143	78.54118767	77	84.5	70.48081016	75.61216001
80.5	82	76.36921391	78.36774071	71.5	74.5	67.52132046	70.16595676
81	85.5	76.85177293	80.29955425	73.5	77.5	68.82279466	72.40272898
80	81.5	76.26951777	78.19614175	74	76	68.96983852	71.4784208
77.5	78	74.93825161	76.4657507	69.5	70	66.87194948	68.70429445
81	84	76.86094919	79.6784248	71.5	74.5	67.69791236	70.68062275
77	81	74.88469321	78.22321491	66.5	74.5	65.34131111	70.99001469
71	77	71.8056241	76.09625517	61.5	67.5	62.68481159	67.05092722
79.5	81	76.10386698	78.1709119	69.5	73	66.68560178	69.9109748
76.5	86.5	74.49516527	80.75754484	67.5	73	65.77189008	69.9598767
78	81	75.12422489	77.8233536	71	72	67.51176505	69.45147677
81.5	82	77.1285271	78.61501082	74.5	75.5	69.16641145	71.12548769
78	80.5	75.21838601	77.71821199	72	74.5	67.95108127	70.53829261
75.5	77.5	73.80261451	76.05529503	70.5	73.5	67.30256705	70.21686709
77	77	74.81902329	76.10550112	68	70.5	66.11398682	68.96917003
80	81	76.40409764	78.12754314	74	76	68.98564031	71.3389124
77.5	79	75.09963882	77.10247402	68.5	73.5	66.26931728	70.27589122
75.5	76	73.79331933	75.26560185	68	68.5	66.00361675	67.81783367
84	84.5	78.32450273	79.8735508	81	84	72.50923962	75.52454053
86.5	89	79.0624772	81.58326288	77.5	83	70.61128896	74.69877209
75	77.5	73.79160631	76.34857195	68.5	72	66.29486811	69.39638194
77	77.5	74.36781774	75.83512807	73	74.5	68.6181053	70.84113974
83	83	77.85377965	79.19018478	80	85	72.17790863	76.72920127
80.5	82	76.2205608	78.29397068	71.5	77.5	67.48443374	71.85230374
79.5	81	76.03845937	78.11536772	71	74	67.32222906	70.25813439
77	79.5	74.46531423	77.02266967	70	76.5	66.96030179	71.76439755
74	77	73.36733718	76.10876861	64	64.5	63.86970181	65.67720008
78	80.5	75.33833161	77.80630898	70	73	66.76002377	69.65376295
61.5	62	67.10483602	68.53630023	53	53	58.56791078	60.09079792
61	61	66.63758814	67.81022884	53	52.5	58.30709444	59.44364842
62	64.5	67.02330539	69.53095322	54	57.5	59.05962899	62.42361734
61	63	66.84515604	69.1912154	52.5	56	58.17921693	61.42407764
65	67.5	68.43576197	70.86069344	59.5	66	61.71947666	66.46835602
61.5	62	67.07180787	68.56076306	56	56.5	60.076525	61.76671603
65	67.5	68.69056402	71.18793022	55	57.5	59.54826365	62.26406292
64.5	64.5	68.67222353	69.89479576	55.5	57	60.00599252	62.37328372
61.5	60	67.0927513	67.58248558	52.5	50.5	58.29574298	58.72406013
66	66.5	69.36769718	70.91078646	55.5	56	59.94885761	61.77149689
66	67	69.15227145	70.88438828	55.5	56.5	59.63421852	61.59442237
63.5	65	67.78719771	69.79737177	56.5	59	60.0730159	62.68528947
68	68.5	69.63132005	71.11060944	61	61.5	62.23330363	63.77995305
63.5	64.5	67.97760361	69.71102799	55.5	57.5	60.00242565	62.60957938
74	78	73.25459896	76.58167405	64.5	68	64.30687316	67.5856279
71	71	71.77368564	73.05220619	59.5	59.5	61.78642882	63.090294
71	74	71.7045636	74.43805096	62.5	65.5	63.15426303	66.11718179
61.5	63	67.1192658	69.20556423	54.5	54.5	59.22353621	60.72623111
69	71.5	70.19396584	72.69780739	60	61.5	61.91515849	64.16762347
76	80	74.2352717	77.49790274	67	69	65.45233676	68.00745483
71	76	71.24177343	75.02375808	63	67.5	63.31249938	66.94980577
68	72	69.89313421	73.13239531	62	64	63.05097752	65.55108514
72	75	72.31248026	75.07350358	61.5	64.5	62.57499714	65.36319412
69	70.5	70.01085537	71.97138082	61	61	62.39134989	63.79316202
74	75	73.15700645	74.87851584	66.5	68.5	65.19856699	67.69063728
69.5	77	71.10902546	76.22713235	64	73	64.05097694	70.15254868
77	81	74.88516056	78.15757195	66	73	64.90417188	69.89080864
76.5	81	74.62985601	78.21127602	62	72.5	63.13821102	69.9963421
74.5	79	73.51225663	76.94426977	62.5	70	63.04882352	68.17643423
70	72	71.24070555	73.55846302	61.5	64	62.74577048	65.5356456
70	73	71.32508513	74.12579036	63	63	63.29535217	64.51719654
76	78	74.29208982	76.59261035	71	77	67.46048038	71.64027448
77	81	74.84284483	78.16428481	69.5	73	66.63418042	69.88306822
79	84	75.87943199	79.659214	73	78	68.43722015	72.52021182
64.5	65	68.32364638	69.80447756	54.5	56.5	59.25142776	61.60948617
65.5	66	69.12151021	70.69759482	56.5	56.5	60.31109396	61.73961011
70.5	74	71.26277548	74.1898199	64	65	63.98136468	66.05877612
68	70	69.88513116	72.12982807	61	62	62.48778873	64.55621593
69.5	76	71.13387634	75.67554462	63	66.5	63.46735203	66.74732822
68	68.5	69.8707149	71.3593799	60.5	61	62.42343141	64.31976418
68	72	70.40902717	73.73702484	60	62.5	61.7849874	64.39170136
67.5	71	70.10674238	73.0563723	62.5	64.5	62.94712757	65.35201702
69.5	72.5	70.36079801	73.07527613	64	63.5	64.18138582	65.49936268
70	76.5	71.31659876	75.87679597	61.5	66.5	62.77157785	66.80255047
74	75.5	73.22052409	75.23206718	64.5	66	64.17049235	66.4141676
69	73	70.48658748	73.78627653	58.5	61.5	61.06490978	63.99872681
77.5	80	75.13535719	77.59660022	68.5	75.5	66.33794412	71.37088934
78	82	75.34790382	78.65432597	69.5	72	66.48487932	68.86782495
76	81	74.20587732	77.9771647	66.5	70	65.11027347	68.31396874
66	71	69.32136411	73.16255915	59.5	62.5	61.85383089	64.81681829
71	72	71.41337595	73.15889871	65.5	66	64.57140986	65.99023428
64.5	65.5	68.61232476	70.42121135	55.5	56	59.79281966	61.57742467
73	74	72.7412378	74.51655787	65	65	64.2064756	65.51281924
71.5	73.5	71.8334661	74.03325859	63	66	63.56656991	66.62694949
73	74	72.81086722	74.52651966	63.5	64	63.57646258	65.30093268
71	73	71.82956033	74.12248368	63	65.5	63.2791421	65.79518564
73.5	78	73.05313815	76.60163557	64.5	69	64.41282113	68.26041181
73	73	72.88715756	74.18030912	61.5	56	62.67216089	61.41716938
75.5	76.5	73.93869728	75.67321884	66.5	67	65.4163115	67.27074142
62	62	67.37560477	68.68400357	51	51.5	57.2984124	58.79387006
66	66.5	69.01052131	70.48326202	56	57.5	59.87993624	62.10574718
72.5	72.5	72.35539371	73.63773303	65	66	64.53804954	66.50830705
62.5	63.5	67.63764879	69.4626426	52.5	54.5	58.28195388	60.75161039
70.5	73	71.03612963	73.56375834	65	67	64.38832048	66.7969539
76	76.5	74.20101012	75.67348841	66.5	68.5	65.00263672	67.2565731
68.5	71.5	70.58277307	73.39458676	61.5	62.5	62.48985526	64.06911573
68.5	70	70.47948482	72.58173589	62.5	63.5	63.31373927	65.35534305
70	72	71.38446423	73.71534797	61	62.5	62.44367659	64.56913496
71	74	71.92763314	74.73502371	63	65	63.36044488	65.86760649
78.5	83	75.61423616	79.19046989	74.5	79.5	69.23292082	73.3102619
75.5	77.5	74.07712034	76.43998338	66.5	68.5	65.47094127	68.05155905
64	65	68.19385948	69.90971568	56	56	59.74632139	61.19710509
67	71	69.12437531	72.39859974	60	62	61.8457723	64.22399179
74.5	76	73.66188182	75.76320618	65	67	64.41249649	66.92575207
76	75.5	74.35057118	75.38613341	65.5	65.5	64.86395131	66.40221475
76.5	79	73.96776869	76.42433222	67.5	69	65.60342486	67.65041842
82	87.5	77.41846556	81.41776451	77	83	70.51966857	74.93169478
71	72.5	71.73938835	73.75949012	63	67	63.56267518	67.06040566
64	63.5	68.05555748	69.0515139	54.5	55.5	59.20129009	61.17178969
76	75.5	74.3275504	75.33426724	67	68	65.41556713	67.32563263
63.5	65	68.14577876	70.11253678	54.5	56	58.97075479	60.8726661
68.5	69.5	70.36317902	72.07771529	60.5	62	62.36490099	64.43956959
67.5	71.5	70.12903842	73.45203877	59.5	61.5	61.76972785	64.22556379
71	72	71.70632405	73.45803948	62	62.5	62.87500983	64.40694602
58.5	59.5	65.48973222	67.24031349	49.5	52	56.8762229	59.73996176
76	76.5	74.28501405	75.83455949	65.5	67.5	64.84647553	67.23918391
73.5	77.5	72.74602791	76.01522321	65	69	64.48958655	67.93881216
68.5	72.5	70.57779434	73.80930768	58	63	60.88185522	64.90016636
76.5	83	74.60656195	79.16011404	70	75	66.70308446	70.31567017
71.5	75.5	71.71762598	74.97843565	62.5	66	63.37581735	66.59888902
64.5	65.5	68.4925702	70.22487991	57.5	58.5	60.6780481	62.76253581
70	70.5	70.83377565	72.30823655	59	59.5	61.35107472	62.96166437
80.5	84	76.5691224	79.60988525	70	73	66.89175924	69.76398922
67	68.5	69.87619286	71.94703112	62.5	64.5	63.26495702	65.92192561
71.5	75	71.90073883	74.93676464	64	66	64.17973225	66.80839949
80	80.5	76.24619526	77.70423559	76	78	69.88931525	72.30578409
61	60.5	66.87469793	67.89324302	51.5	51.5	57.52045942	58.87501064
81	85.5	76.48320288	79.9835622	70.5	77	67.15460773	71.95260063
75	76.5	73.5643291	75.54398745	65	66	64.20334193	65.96260407
77	76	74.59787862	75.38568043	69.5	71	66.84417045	69.12143062
71	71	71.74124294	73.02341732	62.5	61	63.1521689	63.87720253
76.5	76.5	74.58232926	75.80188925	68	68	66.03536721	67.64100005
83.5	88.5	77.99462599	81.75514524	75	79.5	69.42627463	73.15221117
75	76.5	73.90676292	75.96275712	64	65.5	64.08711303	66.40909432
71	72	71.89189933	73.71680098	64	64	63.80072617	65.05223815
71	77	71.95351658	76.20328711	64	66	64.22685774	66.80922539
66	68	69.37902861	71.66199108	59	61	61.56695277	64.09588142
73	75.5	72.6912436	75.25349358	64	65.5	63.84901164	66.0333635
83.5	85	77.92801162	79.88231233	74.5	78	69.32336998	72.61760608
70.5	73	71.51517467	73.98855441	62.5	66	63.52591558	66.9311788
74	76.5	73.07101825	75.491081	66.5	67	65.44368253	67.35002946
71	72	71.79631388	73.61094741	63.5	63	63.51188239	64.62727602
78.5	81	75.61133808	78.12313994	68.5	72	66.36738589	69.66768706
63	64	67.75181417	69.54898838	56	56.5	60.0564175	61.89065025
72	75.5	71.55109353	74.51310651	64.5	66.5	64.12258533	66.62189094
75	77.5	73.53731061	76.08842967	68.5	71	66.2030754	68.95818567
75	76	73.79315043	75.48789301	65	69.5	64.45785968	68.19059261
76	77	74.07636553	75.86043194	66	68.5	64.98580632	67.84593435
76	77.5	74.20757224	76.14267578	67.5	68.5	65.91778341	68.04171191
75.5	76	74.14169659	75.58791953	62.5	62.5	63.14953725	64.63810546
70	74	70.80774698	74.04054676	65	69	64.66845366	68.22549786
63	62.5	66.84617062	67.8177525	54.5	56	59.37615031	61.60053924
76	77	74.16596243	75.83276757	66	66.5	64.76131779	66.247585
72.5	74	72.49749386	74.55100907	65	63.5	64.46040194	65.21693219
74.5	77	73.59608886	76.12281419	66	66	65.01593199	66.36097868
74	77	73.37812499	76.22312205	66	65	64.85675003	65.70896029
78	81	75.37809439	78.15418977	70	71.5	67.20022183	69.47130554
71.5	72	72.14216841	73.66603866	64	66.5	64.14370614	66.80097909
59.5	61.5	65.57259734	67.79678449	53.5	54	58.71060316	60.25299831
70	72	71.12583173	73.37389347	61	63.5	62.51904099	65.29416529
64.5	64.5	68.54014756	69.81983403	60	59	62.22676802	63.37497051
67.5	68.5	69.96248729	71.68938675	59.5	59	61.51664406	62.58900317
66	66	69.18444998	70.43686853	57	58	60.86495838	62.99553209
76	77.5	74.25383983	76.28622155	64.5	66	64.14237679	66.34966838
71	72	71.81172319	73.65801573	59.5	62.5	61.61269126	64.59728619
77.5	81	74.87954461	77.82914621	70.5	73	67.20170032	69.94686841
66.5	67	69.20194199	70.67401555	59	60	61.42579588	63.39297044
75.5	78	74.14597402	76.69542189	70.5	73	67.27960124	70.06973264
76	82	74.44404417	78.8494315	67	70	65.39801859	68.39743695
64	64	68.32130536	69.6351388	56	57	59.81960564	61.86349856
67.5	67	70.01380171	70.96880845	59.5	59.5	61.76177852	63.22110756
62.5	64	67.52784284	69.4778931	55.5	56	59.63630107	61.38413186
73.5	75.5	73.154421	75.46929255	64	64.5	63.88147844	65.42618549
68	72	70.25623076	73.54527701	58	61	60.92966819	63.67797149
69.5	73.5	71.12692806	74.48940582	62	64.5	63.34874925	65.74620775
70	72	71.24418655	73.56649476	62.5	64	63.17850905	65.49618683
72	75.5	72.35221465	75.42931702	64	66.5	64.03826407	66.85930541
74	75.5	73.376237	75.43931773	63.5	65.5	63.73296607	66.05396899
66	69	69.38729478	72.16905311	57	60	60.47809689	63.45366021
76.5	78.5	74.59295055	76.86926483	68	69	65.97183928	68.00499768
71	71	71.65578003	72.92794477	62.5	61.5	63.33787397	64.41706702
73	73.5	72.06818619	73.59953847	65	66.5	64.54804673	66.78996513
71	84	71.41947216	79.18937882	62	68.5	62.78638812	67.51399147
71	73	71.8528727	74.18788715	62	65.5	62.96730829	66.13143446
78	80.5	75.20648025	77.63434408	71	77.5	67.50759937	72.18577185
72.5	74	72.42775057	74.46815793	65	66.5	64.40090376	66.67421883
76	75	74.27506244	74.99457296	71	74.5	67.53546141	70.63029641
79.5	81	76.18834019	78.14091559	69	73	66.59884476	69.96168563
77	77.5	74.84361036	76.40569822	69.5	73.5	66.96486194	70.58097728
75	77	73.73666598	76.01770442	67	71.5	65.63681514	69.38496332
75	79	73.78880637	77.04416405	67	72.5	65.25531947	69.42764699
64.5	66	68.42546679	70.46725973	56.5	59	60.47576545	63.31061784
73	77	72.86820529	76.10317798	65.5	69.5	64.6612127	68.12487867
63.5	65	67.81538156	69.86432271	55	55.5	59.46459354	61.2870372
58.5	61.5	65.09600417	67.81650795	50	53	57.15096495	60.02574649
66.5	69	68.85815859	71.34275493	56	59.5	59.92310763	63.19488876
75.5	79.5	73.97210662	77.1784245	64	69.5	63.98753265	68.10515854
72	72	72.20516162	73.46806739	64	66	64.19044636	66.82625952
71.5	74.5	72.10893036	74.87964957	63.5	64	63.77806697	65.60592475
71	77	71.90452212	76.27392313	63	66.5	63.48285743	66.74974901
67.5	68	70.02999972	71.57796244	59	62	61.31362361	64.14532584
72.5	76.5	72.37519528	75.58126947	64	69	64.01830506	68.04342074
73.5	77	72.4942142	75.46767776	66.5	68.5	65.09999389	67.43142447
73	73.5	72.73901234	74.2714023	64.5	69.5	64.36913887	68.38891673
66	69	68.70356907	71.45933335	57	59.5	60.3385518	63.01934939
66.5	69	69.33417091	71.83792626	56	57	60.02409673	62.098645
80	86	76.00084121	80.24978352	76.5	87	70.38221218	77.09190965
65	70	68.18686111	71.9320379	57.5	63	60.6785775	64.97696988
81	78.5	76.82485701	76.88359513	73	78.5	68.32616987	72.57595754
55.5	58	64.03476648	66.4659594	49	49	56.43355804	57.91850304
74.5	75.5	73.43756068	75.25104704	68	70.5	66.13119406	68.95450726
85	89	78.81969808	82.1354931	78.5	94	71.18803552	80.39340465
75.5	76	73.97173005	75.5189008	64	66.5	64.30603012	67.17042762
62.5	62.5	67.60087305	68.81865091	52	54.5	58.05111711	60.79628314
84	93	78.36928339	84.24300733	76	83	70.06340844	74.81869604
72.5	77	72.20106116	75.69836465	62	67	62.92894943	66.93477104
77.5	86	74.84354928	80.36628369	71	81	67.25168449	73.51908334
74	81.5	73.30202795	78.268817	65.5	74.5	64.72806588	70.74340413
76.5	78	74.65650133	76.65812669	68.5	72.5	66.43609448	70.04729887
72	72	72.11716324	73.35340195	67	68.5	65.70405068	68.19531562
74.5	77	73.64558253	76.23403494	66.5	70	65.05372605	68.08663238
74.5	76	73.6197983	75.68284282	67.5	69.5	65.60864684	68.03998249
72	76	72.12594524	75.37808803	63.5	69.5	63.85825663	68.22563234
74	79	73.4353899	77.1464374	64	65	64.02858158	66.06113538
76	77.5	74.32070203	76.39026276	70	74	66.93467073	70.44375892
74	77	73.27283013	75.98614331	64.5	68.5	64.24343658	67.65837163
64.5	66	68.4959398	70.51474253	53.5	56	58.47929699	60.83925272
65	65.5	68.77444559	70.33483567	59	59.5	61.33155912	62.75481537
64.5	64.5	68.53635265	69.77370506	56	58	59.93211862	62.366798
66	67	69.25692814	71.01695505	58.5	59	61.29033632	63.0448068
66.5	68	68.8645687	70.86271668	59.5	59.5	61.53528614	62.71499075
71.5	75.5	71.92623747	75.22754729	63	69	63.62390175	68.23769822
70	72.5	70.91267336	73.40592156	59.5	63	61.61283042	64.71988961
72.5	76	72.37937258	75.39375712	64.5	69	64.43030691	68.29862325
72.5	75	72.53727431	74.98219098	62.5	65.5	63.11478159	66.01169032
65	67	68.85321028	71.18417527	58	60	61.01709848	63.50723447
67	71	69.83986896	73.11889663	57	60.5	60.60873514	63.8143241
73	78	72.9071662	76.67064309	62	65	62.84025199	65.68598757
70	74.5	71.16008844	74.689639	60.5	62	62.1118962	64.35237145
70	73	70.69322886	73.43608913	60.5	64.5	62.50847805	66.15109666
69	72	70.55866959	73.25685896	61.5	60	62.59091042	63.03137311
71.5	76	72.01357405	75.519344	62	65	62.68199417	65.32162576
68.5	70	70.24804153	72.2670131	61	64	62.6490513	65.6702641
65.5	67	68.8181856	70.79604887	57	59	60.3416093	62.7261112
75.5	77.5	74.09201205	76.41330904	70	74	66.94673142	70.51017924
74.5	78	73.23609166	76.19891066	68	74.5	66.22296607	70.91402818
76	79	74.2017758	76.90467281	67.5	71	65.80735468	69.14039006
76.5	78	74.34880228	76.28937338	67.5	72	65.60184247	69.17993912
70.5	74	71.5181587	74.59487416	63.5	68.5	63.76154838	67.74152917
74.5	77.5	73.57844618	76.36139767	67.5	68.5	65.60092136	67.59736753
76	77.5	74.20753699	76.15625694	71	75	67.6845574	71.26795022
73.5	77	73.10685562	76.20629163	67	68.5	65.31009923	67.36371686
74	78	73.39158273	76.79806959	65.5	69.5	64.73260069	68.16063521
81.5	84	77.05376834	79.55216592	75	75	69.38572781	70.8438046
75	77	73.69085197	75.84816442	69	70	66.54539075	68.59676556
76.5	78	74.1708714	76.20871873	69.5	72.5	66.87097811	70.00105766
75	78	73.70657101	76.46129485	67	70	65.63437081	68.69105229
76	77	74.40446935	76.07561882	70	72.5	67.00978807	69.79509596
66	66.5	69.33803058	70.9450595	55	60	59.74680146	63.79514567
72	74.5	72.38231494	74.95976289	60.5	63.5	62.06509197	64.77309285
83	86	77.80474231	80.60492837	71.5	74	67.58706334	70.28739084
74	77	73.28358045	76.05385609	65.5	67	64.80956901	66.93898965
76	77	74.07978951	75.81245301	68	73	66.01234218	69.9314688
74.5	77	73.59371657	76.2149456	66	69.5	64.82241375	68.03558097
67.5	69	70.14253167	72.24831582	59	63	61.2959049	64.75840306
76	77	74.27240599	76.05961953	65.5	68.5	64.78531905	67.93019344
76	80	74.29163466	77.5428127	67	69	65.52770586	67.94205418
73	75.5	72.79225198	75.33464676	64	69	64.07435679	68.14490116
69.5	71.5	70.84616122	73.03504453	59	62	61.33027216	64.0452114
66	71	69.09118665	72.79547487	61	64.5	62.53656248	65.84190983
76	77.5	73.91062817	75.86353916	68	72	65.97013284	69.53937381
70	71.5	71.40981876	73.43435137	60.5	63.5	62.35319716	65.29966125
65	66	68.6492177	70.42792619	56	58	59.83653742	62.2479366
74	75.5	73.35767631	75.4489806	63	64.5	63.73450725	66.12004738
70.5	71.5	71.23239341	72.95630636	63	66	63.49531656	66.53037893